MID
Subclass                     Target  Train           Val             Test
──────────────────────────────────────────────────────────────────────────────────────
  speech_clean                192.0  154.72 (741)    18.63 (93)      18.76 (92)
  speech_dirty                 96.0  77.10 (390)     9.94 (49)       8.98 (49)
  music_instrumental           68.6  54.98 (110)     7.00 (14)       7.00 (14)
  music_electronic             68.6  54.98 (110)     7.00 (14)       7.00 (14)
  music_pop                    68.6  54.98 (110)     7.00 (14)       7.00 (14)
  music_rock                   68.6  54.98 (110)     7.00 (14)       7.00 (14)
  music_acapella               68.6  53.63 (43)      7.12 (6)        8.33 (5)
  music_hip-hop                68.6  54.98 (110)     7.00 (14)       7.00 (14)
  music_folk                   68.6  54.98 (110)     7.00 (14)       7.00 (14)
  noise                       240.0  190.00 (38)     25.00 (5)       25.00 (5)
  speech_multispeaker          36.0  28.89 (166)     3.74 (20)       3.68 (24)
  speech_som                   36.0  28.84 (143)     3.61 (18)       3.64 (17)
  speech_msom                  24.0  19.29 (114)     2.46 (12)       2.60 (18)
  speech_noisy                 96.0  76.96 (366)     9.72 (48)       9.80 (48)
──────────────────────────────────────────────────────────────────────────────────────
  TOTAL                      1200.0  959.29 (2661)   122.21 (335)    122.77 (342)

FULL
Subclass                     Target  Train           Val             Test
──────────────────────────────────────────────────────────────────────────────────────
  speech_clean                960.0  805.39 (3864)   77.78 (368)     76.94 (368)
  speech_dirty                480.0  404.55 (2001)   38.00 (191)     37.56 (190)
  music_instrumental          342.9  287.88 (576)    27.49 (55)      27.49 (55)
  music_electronic            342.9  288.37 (577)    27.49 (55)      27.49 (55)
  music_pop                   342.9  287.89 (576)    27.49 (55)      27.49 (55)
  music_rock                  342.9  287.88 (576)    27.49 (55)      27.49 (55)
  music_acapella              342.9  261.55 (171)    19.17 (16)      23.79 (16)
  music_hip-hop               342.9  287.90 (577)    27.49 (55)      27.49 (55)
  music_folk                  342.9  288.38 (577)    27.49 (55)      27.49 (55)
  noise                      1200.0  1010.01 (202)   95.00 (19)      95.00 (19)
  speech_multispeaker         180.0  151.23 (851)    14.42 (79)      14.51 (83)
  speech_som                  180.0  151.31 (720)    14.46 (64)      14.61 (70)
  speech_msom                 120.0  100.87 (563)    9.63 (55)       9.66 (56)
  speech_noisy                480.0  403.23 (1923)   38.53 (186)     38.41 (183)
──────────────────────────────────────────────────────────────────────────────────────
  TOTAL                      6000.0  5016.44 (13754)  471.92 (1308)   475.42 (1315)